# Plot of latency for key-value store put/get
# Time  # Get (ms)   # Put (ms)
1398351916.473188 16.428471 33.152461
1398351916.540167 16.268492 33.464909
1398351916.608482 16.709924 34.138441
1398351916.675748 16.585588 33.617496
1398351916.743749 17.192006 33.993483
1398351916.812762 17.259002 34.490466
1398351916.880034 16.988516 33.622980
1398351916.947954 17.094493 33.951998
1398351917.015526 16.865015 33.778548
1398351917.083353 17.351031 33.905983
1398351917.152019 17.221570 34.319520
1398351917.219481 16.897440 33.717036
1398351917.288070 17.286062 34.287572
1398351917.357276 17.675519 34.595966
1398351917.423761 16.232014 33.230066
1398351917.492788 17.268419 34.496427
1398351917.561225 16.857505 34.205556
1398351917.629386 17.048001 34.062505
1398351917.697680 17.253518 34.124017
1398351917.765259 17.470479 33.769965
1398351917.832599 16.609907 33.659458
1398351917.899920 17.045498 33.647060
1398351917.968293 17.138481 34.169436
1398351918.036366 17.565012 34.018040
1398351918.103731 17.127991 33.641577
1398351918.170710 16.743541 33.476472
1398351918.239135 16.829491 34.198999
1398351918.306152 17.220974 33.489943
1398351918.373571 17.148018 33.691049
1398351918.440682 16.961932 33.543468
1398351918.508551 16.771913 33.925414
1398351918.576575 17.190456 34.002542
1398351918.644624 17.047524 34.008980
1398351918.710648 16.339540 33.000588
1398351918.778642 17.229557 33.989549
1398351918.846834 16.814470 34.088016
1398351918.915088 17.109513 34.113050
1398351918.983292 16.785979 34.049988
1398351919.049907 16.942978 33.298969
1398351919.119382 17.323017 34.729004
1398351919.186261 16.301513 33.431530
1398351919.254767 16.962528 34.237504
1398351919.322587 17.073512 33.896565
1398351919.390849 16.407013 34.124017
1398351919.458113 16.633034 33.618450
1398351919.525876 17.199516 33.868432
1398351919.593963 16.937494 34.036517
1398351919.661442 16.651988 33.729434
1398351919.729425 17.176032 33.984065
1398351919.797494 17.194510 34.024477
1398351919.865838 17.455459 34.162045
1398351919.933573 16.937971 33.855438
1398351919.998836 16.469955 32.620907
1398351920.065994 16.569495 33.567905
1398351920.133331 17.181993 33.658504
1398351920.201201 16.819477 33.926487
1398351920.270169 17.902017 34.473538
1398351920.338598 17.019510 34.197569
1398351920.405334 16.614437 33.349991
1398351920.473473 16.903996 34.052968
1398351920.541991 16.764522 34.237027
1398351920.609560 16.367078 33.769608
1398351920.679278 17.400503 34.813046
1398351920.747257 16.822457 33.980012
1398351920.815489 17.153025 34.106970
1398351920.883817 17.120481 34.144521
1398351920.949722 16.489506 32.930970
1398351921.017215 16.582012 33.733010
1398351921.084101 16.401052 33.434033
1398351921.151230 16.854525 33.555984
1398351921.220518 17.364025 34.632444
1398351921.289002 17.287970 34.229517
1398351921.356540 17.244458 33.759475
1398351921.422244 16.641498 32.841444
1398351921.489942 17.336965 33.837914
1398351921.558335 17.514944 34.184933
1398351921.624247 16.655564 32.945514
1398351921.692018 16.746521 33.869028
1398351921.758752 16.849995 33.349991
1398351921.826829 16.867995 34.029961
1398351921.894357 17.077088 33.754587
1398351921.963271 17.490983 34.414530
1398351922.029801 17.068505 33.256531
1398351922.098356 17.213941 34.267545
1398351922.164673 16.960502 33.149958
1398351922.233544 17.127991 34.420013
1398351922.301250 16.924500 33.838034
1398351922.369813 17.160416 34.265995
1398351922.438213 17.287970 34.182429
1398351922.506780 16.865969 34.273505
1398351922.574082 17.264009 33.638954
1398351922.641884 16.986012 33.890486
1398351922.709471 16.955495 33.786058
1398351922.778923 17.414570 34.710050
1398351922.846570 16.956568 33.808112
1398351922.913525 16.724110 33.470035
1398351922.981508 17.243505 33.982038
1398351923.049950 17.094970 34.206986
1398351923.117677 16.741037 33.844471
1398351923.185025 16.631484 33.656478
1398351923.253089 16.747475 34.017563
1398351923.320773 16.379476 33.396482
1398351923.389605 17.828941 34.405947
1398351923.456051 16.993046 33.213496
1398351923.522599 17.076969 33.267021
1398351923.588546 16.250014 32.965064
1398351923.656925 16.787052 34.025550
1398351923.723825 16.656041 33.433557
1398351923.793044 16.845584 34.595490
1398351923.859542 16.707063 33.234000
1398351923.926864 17.331481 33.653021
1398351923.995255 17.052054 34.187078
1398351924.061429 16.670942 33.077002
1398351924.128210 16.848564 33.375502
1398351924.196573 17.117500 34.164429
1398351924.265077 16.817093 34.231544
1398351924.334032 17.010927 34.465432
1398351924.399411 16.050100 32.681108
1398351924.466948 16.883969 33.757925
1398351924.533281 16.165018 33.157945
1398351924.600370 16.209960 33.329010
1398351924.668493 16.811013 34.047961
1398351924.734875 16.435504 33.179522
1398351924.803127 17.078519 34.110069
1398351924.870196 16.861081 33.519030
1398351924.938562 17.020464 34.173489
1398351925.006781 16.945481 34.096956
1398351925.075354 17.500401 34.274936
1398351925.142393 16.770005 33.511519
1398351925.209938 16.595006 33.756971
1398351925.278327 16.744494 34.175038
1398351925.345448 16.896486 33.542037
1398351925.411088 17.061472 32.806516
1398351925.479383 16.991019 34.139514
1398351925.546345 17.214537 33.474088
1398351925.613231 16.854048 33.433557
1398351925.680551 16.941071 33.648491
1398351925.748619 16.535044 34.013987
1398351925.815490 16.631484 33.420563
1398351925.883985 17.523050 34.231544
1398351925.952507 17.176986 34.240961
1398351926.019268 16.654491 33.365011
1398351926.086498 17.218471 33.606052
1398351926.154801 17.231584 34.144521
1398351926.223272 17.074466 34.193039
1398351926.290396 16.469002 33.552527
1398351926.359298 17.392039 34.403086
1398351926.424613 16.865969 32.646060
1398351926.490884 16.850471 33.126473
1398351926.564533 16.381502 36.813974
1398351926.644682 17.042518 40.060520
1398351926.717114 20.004511 36.207080
1398351926.844551 46.930432 63.707471
1398351926.910560 16.565561 32.986999
1398351926.977871 16.953588 33.645034
1398351927.044911 16.277075 33.508539
1398351927.112211 16.820431 33.631444
1398351927.180301 16.670585 34.022570
1398351927.248632 17.151952 34.145474
1398351927.316317 16.917109 33.830523
1398351927.382729 17.098069 33.195496
1398351927.451097 16.938090 34.138083
1398351927.518829 17.154455 33.851027
1398351927.583799 16.180515 32.467008
1398351927.651082 16.494989 33.618450
1398351927.719478 16.821027 34.176588
1398351927.787024 16.602039 33.757091
1398351927.854904 17.075539 33.930540
1398351927.922616 17.022967 33.846021
1398351927.990104 16.656518 33.733487
1398351928.058588 17.463923 34.235001
1398351928.126033 16.672492 33.713937
1398351928.193993 16.866922 33.964992
1398351928.262200 16.710997 34.088969
1398351928.329920 16.765952 33.850908
1398351928.397491 17.625928 33.774018
1398351928.463927 16.608000 33.183098
1398351928.531087 17.269492 33.565998
1398351928.597404 16.388535 33.142567
1398351928.665039 17.012954 33.806562
1398351928.732978 17.245531 33.959508
1398351928.801007 17.127514 34.004927
1398351928.869643 17.611027 34.303546
1398351928.937809 17.081022 34.066558
1398351929.005751 17.089486 33.954978
1398351929.071088 16.379476 32.660484
1398351929.140716 17.007947 34.806967
1398351929.208435 16.593933 33.847928
1398351929.276699 17.475963 34.122467
1398351929.345780 17.410994 34.525990
1398351929.412425 16.623974 33.304930
1398351929.481314 17.419934 34.428477
1398351929.549220 16.939998 33.935905
1398351929.616171 16.674519 33.463955
1398351929.684682 16.970396 34.236431
1398351929.752398 16.981483 33.843517
1398351929.818926 16.218543 33.254981
1398351929.886685 17.022014 33.869028
1398351929.956003 17.663002 34.652472
1398351930.025142 17.759562 34.560561
1398351930.092258 16.805410 33.547997
1398351930.160443 17.081022 34.081459
1398351930.227038 16.980052 33.285499
1398351930.295275 17.288089 34.107089
1398351930.363392 17.055988 34.047961
1398351930.431216 16.920447 33.903480
1398351930.499986 16.984582 34.324527
1398351930.565735 16.359091 32.860041
1398351930.635173 17.475486 34.704924
1398351930.702089 16.245484 33.447504
1398351930.770083 16.857505 33.984065
1398351930.837286 16.866088 33.590078
1398351930.906067 17.292976 34.374952
1398351930.974572 17.077923 34.234524
1398351931.042162 16.412497 33.734441
1398351931.109342 17.208934 33.580899
1398351931.177956 17.115474 34.292459
1398351931.245921 17.076015 33.964992
1398351931.314720 17.227530 34.383059
1398351931.382182 16.853929 33.716440
1398351931.450577 16.929507 34.186959
1398351931.518252 17.206550 33.828020
1398351931.583996 16.589522 32.863975
1398351931.652095 17.257452 34.035444
1398351931.717207 16.411066 32.548547
1398351931.783877 16.638517 33.318520
1398351931.851090 16.794443 33.590436
1398351931.918653 16.749978 33.769011
1398351931.986489 17.228007 33.910513
1398351932.055123 17.347932 34.300447
1398351932.122978 16.771078 33.911586
1398351932.191144 16.895056 34.072518
1398351932.259290 17.022491 34.058452
1398351932.327297 17.197013 33.994555
1398351932.394238 16.590595 33.463597
1398351932.463027 16.744494 34.378052
1398351932.531105 17.192006 34.020543
1398351932.597456 16.764522 33.165574
1398351932.665802 17.425537 34.162045
1398351932.732875 17.014503 33.529520
1398351932.800455 16.608953 33.782959
1398351932.866404 16.694546 32.963514
1398351932.933270 16.871929 33.421993
1398351933.000375 16.821504 33.543944
1398351933.066468 16.245484 33.040524
1398351933.133063 16.689420 33.292413
1398351933.198838 16.492963 32.884002
1398351933.263757 16.002059 32.456040
1398351933.329389 16.391993 32.812476
1398351933.396585 16.852021 33.593535
1398351933.459996 15.579462 31.700015
1398351933.523514 16.182065 31.756043
1398351933.587677 15.982985 32.077551
1398351933.653941 16.542554 33.123016
1398351933.719718 16.469479 32.881975
1398351933.785684 16.505003 32.979488
1398351933.852512 16.572952 33.406973
1398351933.918338 16.400456 32.904029
1398351933.983333 16.414523 32.493949
1398351934.048848 16.748905 32.753944
1398351934.114736 16.054034 32.937050
1398351934.180409 15.918493 32.832026
1398351934.245618 16.163468 32.600999
1398351934.311270 16.615510 32.822490
1398351934.377775 16.944408 33.247948
1398351934.444002 16.925454 33.108950
1398351934.508987 16.133428 32.485485
1398351934.576696 17.016411 33.844471
1398351934.643646 16.898990 33.461571
1398351934.712276 17.289042 34.303546
1398351934.779577 16.663432 33.630490
1398351934.845779 16.892433 33.087969
1398351934.912523 17.088532 33.364534
1398351934.981032 16.751051 34.241557
1398351935.047410 16.280532 33.175588
1398351935.114970 17.125010 33.773065
1398351935.183896 17.176986 34.451485
1398351935.251347 16.923547 33.712983
1398351935.317857 16.256928 33.240438
1398351935.386203 16.816020 34.153461
1398351935.455400 16.688466 34.581542
1398351935.522924 17.002940 33.756495
1398351935.588605 16.684890 32.833934
1398351935.656894 17.291427 34.137964
1398351935.724856 17.313004 33.970475
1398351935.791486 16.666532 33.303499
1398351935.859226 17.333984 33.858061
1398351935.925794 16.171455 33.267021
1398351935.993172 16.717076 33.665061
1398351936.059456 16.633987 33.123493
1398351936.126320 16.450047 33.424497
1398351936.194487 17.258525 34.069061
1398351936.262511 16.505957 33.987403
1398351936.329215 16.484499 33.338428
1398351936.395824 16.815543 33.294559
1398351936.463530 16.696453 33.840418
1398351936.531477 16.883969 33.963561
1398351936.597572 16.055942 33.038974
1398351936.664007 17.002940 33.205986
1398351936.730701 16.709924 33.339500
1398351936.797700 16.865015 33.487558
1398351936.865542 16.958952 33.910990
1398351936.932348 16.276479 33.389926
1398351936.999468 16.763449 33.548951
1398351937.068544 17.380476 34.528971
1398351937.136174 16.720533 33.807516
1398351937.203076 16.711950 33.438444
1398351937.271814 16.769052 34.345984
1398351937.338179 17.048478 33.165932
1398351937.405066 16.344070 33.432484
1398351937.473914 17.166018 34.167528
1398351937.541310 16.741037 33.685446
1398351937.606399 16.349554 32.535076
1398351937.693921 22.303581 43.750525
1398351937.817800 16.554594 61.926484
1398351937.884974 16.929030 33.577561
1398351937.952552 17.019033 33.779502
1398351938.018969 16.320467 33.200979
1398351938.086730 17.202497 33.867002
1398351938.153505 16.875505 33.375025
1398351938.220887 16.721487 33.684969
1398351938.288448 17.277956 33.770919
1398351938.363739 16.615033 33.578038
1398351938.430614 16.817451 33.419967
1398351938.497843 16.211987 33.599019
1398351938.565007 17.047524 33.565044
1398351938.631975 17.090917 33.473969
1398351938.699691 16.820431 33.839941
1398351938.766422 16.583443 33.348918
1398351938.833633 17.099023 33.599019
1398351938.900771 16.763449 33.559442
1398351938.969626 17.210007 34.412503
1398351939.036999 16.774535 33.671021
1398351939.104432 16.865969 33.703923
1398351939.171490 16.672969 33.522010
1398351939.239630 17.372012 34.060001
1398351939.306627 17.145991 33.486485
1398351939.373717 16.751051 33.528566
1398351939.440594 16.640544 33.426046
1398351939.507366 16.640425 33.378959
1398351939.574038 17.134547 33.329964
1398351939.640878 16.719580 33.410072
1398351939.706888 16.259432 32.993436
1398351939.774781 16.718984 33.930421
1398351939.840788 16.108513 32.724977
1398351939.908201 17.007947 33.697486
1398351939.974467 16.571045 33.118486
1398351940.041016 16.502976 33.259511
1398351940.108858 16.951561 33.913016
1398351940.178226 17.395496 34.674525
1398351940.246191 16.680956 33.965468
1398351940.313495 16.695976 33.638477
1398351940.381420 16.613007 33.950448
1398351940.450092 16.878963 34.322977
1398351940.517455 16.753912 33.669472
1398351940.582235 16.188502 32.379031
1398351940.648152 17.181039 32.949448
1398351940.716509 17.003059 34.168005
1398351940.781783 15.733957 32.624960
1398351940.849484 17.120004 33.843040
1398351940.918397 17.532587 34.439087
1398351940.984513 16.757607 33.044100
1398351941.052845 17.172575 34.153581
1398351941.120527 16.988039 33.828497
1398351941.187292 16.998053 33.375502
1398351941.254878 16.755462 33.785939
1398351941.323674 17.168999 34.391522
1398351941.392496 17.078519 34.396052
1398351941.458448 16.342044 32.961488
1398351941.525325 16.577005 33.431411
1398351941.591956 16.570568 33.303976
1398351941.658905 16.837478 33.458471
1398351941.726957 16.949534 34.013987
1398351941.792010 16.119003 32.514453
1398351941.858595 16.490579 33.279538
1398351941.924980 16.753554 33.179045
1398351941.991898 16.790509 33.451438
1398351942.059819 16.716003 33.948064
1398351942.126637 17.174482 33.407569
1398351942.196228 17.690063 34.784079
1398351942.262882 15.934467 33.316493
1398351942.328681 16.588449 32.888532
1398351942.397791 17.259002 34.540057
1398351942.464513 16.291499 33.339977
1398351942.532282 16.759515 33.867955
1398351942.598422 16.124964 33.059955
1398351942.666368 17.212510 33.945084
1398351942.733793 16.962528 33.700585
1398351942.801560 16.893506 33.861995
1398351942.869727 16.768098 34.069538
1398351942.935460 16.253471 32.855988
1398351943.004188 17.218471 34.347415
1398351943.072375 17.182589 34.078002
1398351943.138401 16.170502 32.977939
1398351943.206142 16.723990 33.857465
1398351943.272264 16.281486 33.051014
1398351943.340177 17.200470 33.947468
1398351943.407281 16.656995 33.501506
1398351943.474089 16.973972 33.396482
1398351943.541596 16.909003 33.744574
1398351943.608076 16.680002 33.230543
1398351943.676568 17.488003 34.232020
1398351943.742976 16.313076 33.191562
1398351943.809088 16.133428 33.046961
1398351943.876670 16.981006 33.783913
1398351943.944601 16.676545 33.948064
1398351944.012068 16.828537 33.719540
1398351944.080455 17.229080 34.186482
1398351944.147659 17.002583 33.592582
1398351944.215970 16.810060 34.136057
1398351944.283461 16.620517 33.728480
1398351944.352030 17.343998 34.275889
1398351944.419271 17.010927 33.577919
1398351944.487156 16.932011 33.926964
1398351944.556502 17.051935 34.657478
1398351944.622950 16.467452 33.209920
1398351944.691210 17.171025 34.119964
1398351944.756910 16.106009 32.840967
1398351944.824696 17.035484 33.883929
1398351944.893169 17.216921 34.225941
1398351944.960744 16.703486 33.774018
1398351945.027198 16.369939 33.210993
1398351945.094078 16.769052 33.431053
1398351945.163298 17.217517 34.560084
1398351945.230807 16.686559 33.743501
1398351945.298191 17.192006 33.683419
1398351945.366775 16.963959 34.277439
1398351945.433941 16.844988 33.565998
1398351945.502390 17.242551 34.217000
1398351945.568619 16.796470 33.107519
1398351945.637907 17.338514 34.605026
1398351945.705800 16.858459 33.930898
1398351945.773193 16.827464 33.679008
1398351945.841551 16.867042 34.159541
1398351945.907806 16.921043 33.112526
1398351945.976284 17.373443 34.225941
1398351946.044738 16.789436 34.209967
1398351946.111844 17.039537 33.540606
1398351946.179851 17.030001 33.998013
1398351946.247067 16.142488 33.596516
1398351946.315624 17.497540 34.266591
1398351946.384446 17.317533 34.398556
1398351946.451959 16.806006 33.737063
1398351946.518624 16.704082 33.319592
1398351946.586953 17.470479 34.157515
1398351946.654350 17.064452 33.686399
1398351946.723306 17.130017 34.428000
1398351946.789274 16.732574 32.975078
1398351946.856873 16.842008 33.786058
1398351946.920874 15.669942 31.986475
1398351946.988852 17.163038 33.982038
1398351947.058838 17.631531 34.979463
1398351947.127458 16.777039 34.287572
1398351947.194508 16.700029 33.510447
1398351947.262019 17.070532 33.743978
1398351947.329854 16.867995 33.907533
1398351947.398637 17.256021 34.377575
1398351947.466916 17.001510 34.099460
1398351947.534157 16.993046 33.601999
1398351947.602051 16.519904 33.928990
1398351947.670539 17.491937 34.223437
1398351947.738127 16.998529 33.783078
1398351947.803298 16.402960 32.526493
1398351947.871084 17.141461 33.884048
1398351947.939717 17.241001 34.300447
1398351948.007242 16.957998 33.748507
1398351948.074476 17.110586 33.610106
1398351948.142305 16.967535 33.898950
1398351948.210359 17.067552 34.011006
1398351948.278079 17.281413 33.851504
1398351948.343980 16.567945 32.938004
1398351948.410041 16.396999 33.016920
1398351948.478929 17.107487 34.430027
1398351948.546319 16.795516 33.679008
1398351948.613742 16.222477 33.697009
1398351948.696861 21.179438 41.542053
1398351948.818059 16.800523 60.585499
1398351948.886384 16.710997 34.153581
1398351948.954398 17.156005 33.997059
1398351949.021964 17.237425 33.773422
1398351949.089589 17.156959 33.805966
1398351949.155239 16.093969 32.814980
1398351949.223893 16.862512 34.317970
1398351949.292271 17.226934 34.181476
1398351949.360463 17.102957 34.085989
1398351949.427898 16.906023 33.707500
1398351949.495557 16.686440 33.816457
1398351949.561369 16.539574 32.889485
1398351949.627341 16.315460 32.972455
1398351949.695494 17.089963 34.067988
1398351949.764067 16.813040 34.276009
1398351949.829621 16.236544 32.765985
1398351949.896424 17.190933 33.395410
1398351949.964264 16.692996 33.901453
1398351950.032393 16.696453 34.042001
1398351950.100430 17.090917 33.999920
1398351950.168176 16.673446 33.853531
1398351950.234922 16.791940 33.357978
1398351950.302150 16.842008 33.604980
1398351950.369758 17.054081 33.794522
1398351950.437348 16.548514 33.779502
1398351950.505055 16.855955 33.838987
1398351950.570299 16.392469 32.613993
1398351950.637549 17.242908 33.615470
1398351950.703520 16.114593 32.968521
1398351950.770331 16.127467 33.388495
1398351950.836273 16.812563 32.957554
1398351950.902731 16.796589 33.211589
1398351950.969704 16.626000 33.470511
1398351951.036948 17.181993 33.611536
1398351951.104469 16.561985 33.740997
1398351951.171486 16.633987 33.489585
1398351951.239042 16.722441 33.763409
1398351951.307164 16.900063 34.048557
1398351951.374856 16.746998 33.828974
1398351951.441711 16.719103 33.415079
1398351951.509032 17.042518 33.654094
1398351951.577891 17.287016 34.422040
1398351951.643944 16.371489 33.013582
1398351951.712726 17.304897 34.375906
1398351951.779561 16.299486 33.401966
1398351951.845189 16.780972 32.805443
1398351951.912087 16.847491 33.441544
1398351951.979694 17.046452 33.793449
1398351952.047142 17.289042 33.714533
1398351952.113070 16.465425 32.949924
1398351952.179666 16.528964 33.287525
1398351952.245733 16.787410 33.025980
1398351952.313959 17.217517 34.104466
1398351952.381302 16.789079 33.656001
1398351952.449290 17.261505 33.976912
1398351952.519116 17.596483 34.897566
1398351952.586098 17.132044 33.478022
1398351952.653990 16.860604 33.927083
1398351952.721209 16.559958 33.593416
1398351952.786985 16.652465 32.879949
1398351952.852705 16.509533 32.854