# Plot of latency for key-value store put/get
# Time  # Get (ms)   # Put (ms)
1398350217.029913 27.745008 55.835962
1398350217.140284 28.077483 55.172086
1398350217.255458 29.393554 57.577014
1398350217.367174 27.912498 55.845976
1398350217.488784 33.154011 60.792446
1398350217.602971 28.843522 57.083488
1398350217.720607 29.310465 58.807969
1398350217.832496 27.952075 55.934548
1398350217.945367 28.478026 56.424975
1398350218.056822 27.952075 55.713058
1398350218.168649 27.263045 55.900574
1398350218.280771 27.212501 56.051612
1398350218.392236 28.093100 55.722594
1398350218.506238 29.127598 56.991577
1398350218.620288 28.472900 57.008982
1398350218.730291 27.832985 54.985523
1398350218.846350 29.068947 58.019996
1398350218.958381 28.316021 56.006074
1398350219.070448 28.027415 56.020975
1398350219.184230 28.016925 56.878924
1398350219.299421 28.554440 57.587028
1398350219.412166 26.836514 56.340575
1398350219.525726 27.336478 56.762457
1398350219.638787 28.115034 56.520462
1398350219.751711 27.298570 56.452513
1398350219.866283 28.879523 57.276011
1398350219.981511 28.174996 57.600021
1398350220.091471 26.828051 54.965019
1398350220.206852 28.454542 57.681561
1398350220.321018 28.613925 57.072997
1398350220.435803 29.159546 57.381034
1398350220.547830 28.481483 55.999398
1398350220.660712 26.786923 56.427002
1398350220.775306 29.333591 57.287097
1398350220.886996 27.835488 55.835485
1398350221.001349 28.717041 57.167053
1398350221.118733 28.838992 58.681488
1398350221.232220 28.592467 56.733489
1398350221.346689 29.154420 57.224989
1398350221.459803 28.808951 56.547403
1398350221.576795 29.491425 58.486938
1398350221.691309 27.411461 57.247043
1398350221.804555 27.501941 56.605458
1398350221.918035 28.647065 56.724548
1398350222.032694 27.495980 57.320476
1398350222.146545 29.694438 56.913972
1398350222.268590 31.281948 61.012030
1398350222.398283 28.923988 64.833403
1398350222.520704 28.108954 61.196923
1398350222.635058 28.660059 57.163000
1398350222.746726 28.337955 55.823445
1398350222.867131 30.299425 60.189486
1398350223.013527 34.029603 73.185563
1398350223.130135 28.534532 58.293462
1398350223.246394 30.135036 58.117032
1398350223.368693 31.584501 61.138511
1398350223.485373 29.213905 58.318973
1398350223.597467 28.759003 56.029558
1398350223.712158 28.761983 57.329535
1398350223.821079 27.325988 54.446101
1398350223.931955 27.858019 55.428982
1398350224.048100 28.082013 58.062077
1398350224.162420 28.359056 57.150483
1398350224.278520 28.989911 58.038950
1398350224.390923 28.241038 56.190610
1398350224.507808 28.365970 58.433533
1398350224.622521 28.264523 57.345986
1398350224.735431 29.914021 56.444526
1398350224.853299 29.518604 58.924556
1398350224.964461 27.832508 55.570483
1398350225.076501 28.219581 56.009531
1398350225.187594 27.867436 55.536985
1398350225.307528 29.572487 59.957504
1398350225.414936 28.819442 53.692937
1398350225.522756 25.434017 53.897977
1398350225.634721 28.065562 55.969477
1398350225.750506 28.762460 57.880521
1398350225.867854 29.273510 58.664441
1398350225.982267 29.560924 57.197928
1398350226.100319 29.852509 59.015989
1398350226.210873 27.428031 55.266500
1398350226.330025 30.595422 59.566975
1398350226.442693 28.249025 56.325555
1398350226.556800 28.358936 57.042956
1398350226.670875 28.235912 57.029009
1398350226.785230 29.089570 57.167530
1398350226.899532 28.494954 57.140470
1398350227.011881 28.916001 56.165457
1398350227.125264 27.812481 56.682467
1398350227.238336 27.477503 56.525946
1398350227.351431 28.459430 56.538463
1398350227.466652 29.971480 57.600975
1398350227.581534 29.003978 57.430029
1398350227.699072 29.953480 58.758974
1398350227.815527 29.030919 58.218002
1398350227.929931 28.620005 57.191491
1398350228.042890 28.681517 56.470037
1398350228.156929 28.862953 57.010055
1398350228.274422 27.889013 58.736086
1398350228.393072 28.521061 59.311032
1398350228.504455 27.925014 55.681944
1398350228.622237 29.364467 58.878899
1398350228.734090 28.241992 55.908918
1398350228.850147 28.677464 58.016419
1398350228.962152 27.806401 55.989504
1398350229.079073 28.656602 58.450580
1398350229.199744 31.320453 60.223460
1398350229.313034 27.976990 56.634426
1398350229.425144 29.696465 56.043983
1398350229.539408 28.733969 57.121515
1398350229.652561 28.273463 56.563497
1398350229.766671 27.960539 57.040453
1398350229.882553 28.295994 57.927966
1398350229.998011 29.035568 57.718039
1398350230.108551 27.678609 55.261612
1398350230.225811 30.963540 58.616519
1398350230.342215 28.363943 58.189034
1398350230.458670 30.393004 58.217049
1398350230.574501 28.962970 57.904482
1398350230.687032 27.499437 56.246400
1398350230.799348 27.516484 56.142926
1398350230.914868 28.807998 57.750940
1398350231.033552 30.223012 59.331059
1398350231.145062 28.401971 55.737495
1398350231.260986 29.397488 57.951927
1398350231.373408 27.954459 56.200981
1398350231.483973 27.952552 55.270076
1398350231.600269 29.421449 58.135033
1398350231.714624 27.283072 57.155013
1398350231.830260 28.526068 57.801485
1398350231.940787 27.874947 55.251479
1398350232.049064 25.669575 54.116488
1398350232.160350 27.557015 55.624485
1398350232.273282 28.256416 56.447983
1398350232.382347 27.037024 54.515958
1398350232.498156 29.897451 57.894468
1398350232.615668 29.810548 58.726072
1398350232.726080 26.996017 55.188537
1398350232.843331 29.551029 58.616996
1398350232.959840 30.119061 58.244586
1398350233.075670 27.974010 57.675004
1398350233.187320 27.600527 55.813551
1398350233.302475 27.886033 57.563543
1398350233.415530 29.305458 56.519032
1398350233.531475 28.748989 57.963014
1398350233.643079 28.396964 55.790901
1398350233.759702 28.779984 58.302045
1398350233.874200 29.408455 57.238936
1398350233.986480 27.299523 56.129575
1398350234.095430 26.128411 54.465413
1398350234.211851 28.832436 58.198452
1398350234.326928 29.419899 57.524443
1398350234.440233 28.820515 56.643009
1398350234.552836 27.246952 56.290984
1398350234.666492 27.939081 56.819081
1398350234.786822 30.488014 60.145974
1398350234.899569 28.314948 56.363940
1398350235.008872 27.443528 54.643035
1398350235.120079 28.538465 55.593967
1398350235.234178 28.451562 57.033062
1398350235.342610 27.269602 54.195046
1398350235.456824 28.483510 57.097435
1398350235.569916 28.414488 56.536078
1398350235.682864 28.334975 56.464553
1398350235.797741 28.588414 57.428479
1398350235.911101 28.234959 56.669950
1398350236.026530 29.745579 57.703972
1398350236.139160 27.626991 56.306005
1398350236.252528 27.698517 56.674004
1398350236.363192 27.490497 55.320978
1398350236.479307 29.086947 58.045506
1398350236.590741 26.659012 55.706024
1398350236.705971 29.355407 57.605505
1398350236.823593 28.470039 58.795571
1398350236.934274 27.757525 55.324554
1398350237.048333 28.880000 57.020068
1398350237.164219 28.547406 57.933450
1398350237.279827 27.909040 57.792068
1398350237.393206 28.712988 56.672931
1398350237.506305 29.141545 56.537032
1398350237.623015 28.380513 58.344007
1398350237.732406 27.179956 54.685473
1398350237.847544 29.073000 57.559490
1398350237.963439 27.539015 57.933450
1398350238.158953 29.158473 97.744465
1398350238.279167 30.171990 60.095549
1398350238.391061 27.135968 55.931449
1398350238.504027 28.416038 56.473017
1398350238.622626 29.211044 59.288979
1398350238.738632 28.240561 57.992578
1398350238.854600 30.048966 57.973027
1398350238.965363 28.312445 55.371523
1398350239.078184 28.776526 56.401491
1398350239.192484 28.403997 57.139516
1398350239.305298 27.845979 56.396008
1398350239.424775 31.507492 59.729934
1398350239.536877 28.941989 56.038976
1398350239.653333 27.966022 58.214068
