# Plot of latency for key-value store put/get
# Time  # Get (ms)   # Put (ms)
1398350345.616070 24.979472 51.575541
1398350345.719929 25.143504 51.915050
1398350345.823305 25.702953 51.680446
1398350345.924542 25.136948 50.611496
1398350346.030237 27.420998 52.842021
1398350346.135064 26.154995 52.406907
1398350346.242417 26.448607 53.663492
1398350346.350222 27.804017 53.884506
1398350346.454570 25.931001 52.160501
1398350346.559950 25.657058 52.680016
1398350346.664587 26.301503 52.312016
1398350346.774244 28.277516 54.821610
1398350346.878474 25.766015 52.108049
1398350346.982788 26.233077 52.150011
1398350347.085952 26.758552 51.577091
1398350347.187381 24.775982 50.709486
1398350347.290601 25.849938 51.604509
1398350347.393768 25.718927 51.577926
1398350347.497267 25.559068 51.740527
1398350347.601431 26.220441 52.076459
1398350347.705315 26.468515 51.937461
1398350347.808583 26.295424 51.627517
1398350347.911875 25.919557 51.641583
1398350348.015271 25.570989 51.691532
1398350348.118020 26.617050 51.368594
1398350348.222562 27.070403 52.265406
1398350348.328190 26.990533 52.808523
1398350348.425986 23.630500 48.886895
1398350348.532765 27.150512 53.380966
1398350348.638334 27.058482 52.775979
1398350348.742297 26.100993 51.977038
1398350348.852506 27.889013 55.098057
1398350348.957460 26.481032 52.469015
1398350349.062808 25.681019 52.661061
1398350349.170122 26.013494 53.635955
1398350349.272533 25.137901 51.190972
1398350349.381460 27.310967 54.440022
1398350349.485607 25.745511 52.044034
1398350349.591213 26.692033 52.792549
1398350349.695333 26.645541 52.051544
1398350349.800675 27.140021 52.661538
1398350349.909429 27.314067 54.366469
1398350350.011960 24.962544 51.255465
1398350350.115867 26.502013 51.942468
1398350350.221518 26.876569 52.817464
1398350350.324348 25.031567 51.400542
1398350350.427044 25.538921 51.334977
1398350350.532136 25.269508 52.537084
1398350350.636401 25.357962 52.122474
1398350350.741098 26.036024 52.339554
1398350350.847766 27.297974 53.317428
1398350350.950237 25.382996 51.220536
1398350351.057045 26.490450 53.388476
1398350351.159587 24.974942 51.252007
1398350351.261055 23.992538 50.723076
1398350351.369587 27.873516 54.256558
1398350351.480541 27.722001 55.467486
1398350351.586055 25.524497 52.746534
1398350351.692992 26.590466 53.460956
1398350351.798380 27.012944 52.683473
1398350351.903248 26.083469 52.425504
1398350352.006368 25.314927 51.551461
1398350352.111820 25.157571 52.717090
1398350352.217646 27.269483 52.902460
1398350352.325668 27.682424 54.001927
1398350352.433293 27.300954 53.803444
1398350352.536706 25.854468 51.697016
1398350352.641944 26.739478 52.610517
1398350352.747179 25.974035 52.609086
1398350352.853693 26.502967 53.246975
1398350352.958920 26.406527 52.605510
1398350353.065534 27.431965 53.297997
1398350353.170037 26.237488 52.238941
1398350353.272438 25.295019 51.182508
1398350353.374703 24.623513 51.117539
1398350353.477765 25.394917 51.520944
1398350353.584707 26.718974 53.454995
1398350353.691015 26.046515 53.144574
1398350353.796415 25.977492 52.690983
1398350353.899660 25.782943 51.611900
1398350354.003198 26.046515 51.761031
1398350354.109486 26.656985 53.127050
1398350354.210632 25.355101 50.557017
1398350354.316436 26.693940 52.893400
1398350354.424583 26.761532 54.061055
1398350354.528840 25.447965 52.114964
1398350354.635425 26.635528 53.283930
1398350354.741073 27.197957 52.814960
1398350354.846917 26.095986 52.914023
1398350354.953411 27.287960 53.238988
1398350355.058493 26.958466 52.532434
1398350355.166637 27.128458 54.062963
1398350355.273194 26.648521 53.269982
1398350355.378290 25.997996 52.538991
1398350355.484652 27.267933 53.169012
1398350355.670888 25.699973 93.108535
1398350355.773246 25.545597 51.167011
1398350355.880679 26.388526 53.706527
1398350355.988563 26.913047 53.931475
1398350356.092319 26.291490 51.869512
1398350356.200509 27.279019 54.089546
1398350356.307970 27.212501 53.724051
1398350356.413397 26.167512 52.706957
1398350356.520770 25.645971 53.677440
1398350356.629751 26.822448 54.476500
1398350356.735258 26.208997 52.740455
1398350356.843066 26.790977 53.810477
1398350356.948560 27.088523 52.736521
1398350357.053677 25.515079 52.542567
1398350357.161414 27.274489 53.853989
1398350357.269101 26.882529 53.835511
1398350357.379077 27.288914 54.975986
1398350357.483364 25.728583 52.127481
1398350357.590673 26.600003 53.645492
1398350357.695278 26.503921 52.291989
1398350357.798511 25.052547 51.606536
1398350357.904731 26.659012 53.103566
1398350358.009549 25.887012 52.402020
1398350358.119350 26.797533 54.893494
1398350358.225332 26.287436 52.978992
1398350358.333713 28.424978 54.179549
1398350358.433825 24.061441 50.055027
1398350358.538128 26.471019 52.137971
1398350358.640494 25.789499 51.161051
1398350358.743224 25.993943 51.352978
1398350358.849777 27.071476 53.269982
1398350358.960037 28.110027 55.124521
1398350359.063800 25.742412 51.874399
1398350359.171982 28.240442 54.081917
1398350359.277885 26.214480 52.942038
1398350359.384647 26.342511 53.375006
1398350359.489814 26.108503 52.572012
1398350359.595611 25.907516 52.890420
1398350359.702104 26.740551 53.239942
1398350359.807008 26.978493 52.442431
1398350359.917386 27.576923 55.183530
1398350360.028910 27.631998 55.747986
1398350360.134067 26.705503 52.565575
1398350360.241041 26.171565 53.474069
1398350360.340745 25.077462 49.840450
1398350360.444338 26.436448 51.787972
1398350360.550403 26.965499 53.023458
1398350360.660878 27.415514 55.227041
1398350360.767838 26.938558 53.464532
1398350360.872404 25.219083 52.270532
1398350360.976740 26.875973 52.158475
1398350361.084131 26.726604 53.682089
1398350361.190341 26.365399 53.089976
1398350361.297823 27.651072 53.732038
1398350361.403384 26.790977 52.772045
1398350361.510794 26.293039 53.695560
1398350361.618819 27.014971 53.999543
1398350361.726342 27.083516 53.749561
1398350361.831978 26.150465 52.806973
1398350361.940246 26.633501 54.125428
1398350362.044244 26.172996 51.988959
1398350362.146370 25.621891 51.054955
1398350362.253320 25.935054 53.466082
1398350362.359274 27.123451 52.966475
1398350362.461175 25.729537 50.943017
1398350362.563877 25.771022 51.339984
1398350362.670275 26.715517 53.192019
1398350362.775851 26.516557 52.779078
1398350362.883298 27.146459 53.714991
1398350362.986323 26.447535 51.502466
1398350363.094309 27.234077 53.985000
1398350363.198804 25.913000 52.238941
1398350363.304903 26.546478 53.042531
1398350363.407477 25.691986 51.276445
1398350363.514037 26.041985 53.270459
1398350363.622511 26.711941 54.226995
1398350363.727123 26.248455 52.298546
1398350363.831289 26.344061 52.076578
1398350363.938711 26.565433 53.705931
1398350364.047302 26.286006 54.288983
1398350364.156071 27.588010 54.378033
1398350364.267289 27.842522 55.601001
1398350364.372633 26.525021 52.664042
1398350364.480214 26.940942 53.782940
1398350364.583502 26.211977 51.635504
1398350364.691656 26.634097 54.067016
1398350364.795448 25.424480 51.883459
1398350364.902874 27.485490 53.707004
1398350365.008446 26.587486 52.777529
1398350365.116677 27.305007 54.105520
1398350365.222850 26.333570 53.076506
1398350365.329519 26.963472 53.328991
1398350365.436567 27.231455 53.518534
1398350365.540924 26.253939 52.170038
1398350365.645553 25.297523 52.309513
1398350365.751407 26.033998 52.920461
1398350365.860065 27.682066 54.320574
1398350365.964156 25.900006 52.039504
1398350366.067827 26.401997 51.829457
1398350366.174982 26.318550 53.571463
1398350366.281629 26.942968 53.296447
1398350366.391024 27.741075 54.690003
1398350366.496480 26.385903 52.716494
