1184
975
767
562
392
191
87.6
43.8
43.2
44.4
44.6
45.4
42.4
44.0
44.8
45.0
44.5
42.2
43.1
45.0
43.5
42.0
41.7
42.5
42.8
44.7
43.8
43.2
41.7
44.3
45.2
43.4
43.5
43.9
44.5
43.9
43.9
45.3
45.1
43.9
42.7
42.9
42.4
41.2
43.5
44.2
40.8
42.9
45.4
44.1
43.7
44.1
44.3
43.5
45.0
44.7
44.2
43.8
44.5
43.8
44.6
43.9
44.1
43.8
43.8
43.1
44.3
43.3
44.0
43.6
44.2
44.2
44.5
44.2
41.9
44.1
43.8
43.0
44.2
45.3
42.7
45.1
43.8
43.7
43.3
44.1
42.8
43.7
44.0
43.9
44.2
44.0
43.6
43.2
45.2
43.3
43.8
43.8
43.4
43.7
44.0
41.7
42.8
42.0
44.4
44.1
44.5
43.8
43.2
43.2
44.4
43.3
43.4
44.4
44.1
43.8
43.8
44.1
43.0
44.2
44.0
42.7
44.5
44.4
44.7
43.1
44.2
45.5
42.4
44.1
42.9
42.7
44.4
43.9
43.6
43.9
44.5
43.2
43.9
43.5
44.2
44.2
42.7
43.6
43.5
43.7
43.7
44.7
43.3
44.3
43.1
43.6
43.3
43.9
44.3
43.8
41.7
43.7
43.7
43.9
42.7
44.4
45.0
43.8
44.8
44.1
44.1
45.0
43.0
43.0
44.3
44.3
44.2
42.7
44.1
43.2
44.4
44.3
42.4
44.2
43.5
44.4
45.6
42.7
43.2
44.2
43.7
43.8
43.6
43.7
44.0
44.3
44.4
42.0
44.1
44.0
43.5
43.7
44.0
44.2
