# PING 10.0.0.7 (10.0.0.7) 56(84) bytes of data.
# 64 bytes from 10.0.0.7: icmp_req=1 ttl=64 time=53.2 ms
# We only show the time field here (RTT) but divide it by two
53.2
33.3
33.4
33.2
32.8
33.5
31.8
32.6
31.6
31.0
31.6
87.0
32.8
32.7
34.0
31.9
33.1
31.7
31.6
31.6
33.2
32.8
105
33.9
33.3
31.6
32.4
32.2
32.1
32.5
32.0
33.8
32.7
80.4
33.1
32.0
32.1
31.6
31.0
31.7
32.7
32.2
32.1
31.0
88.8
33.6
32.9
33.6
30.9
34.2
32.3
33.5
32.3
32.1
31.9
66.7
31.4
32.7
33.5
32.9
32.3
31.3
31.7
32.4
31.0
33.0
85.8
33.2
34.0
32.2
31.7
31.4
31.8
33.1
33.0
32.5
31.6
58.8
32.0
33.4
32.0
32.2
32.0
31.7
30.9
31.8
33.0
31.7
81.0
34.8
33.8
34.1
32.9
30.8
32.6
32.4
31.6
33.3
31.3
61.7
33.2
33.5
32.5
33.0
33.5
33.5
33.1
33.2
31.5
32.7
85.2
33.3
33.2
32.6
32.7
31.9
31.7
32.3
32.1
32.4
31.9
53.6
32.5
32.4
32.0
31.4
31.4
32.1
30.9
31.6
32.3
30.9
63.9
33.3
34.2
32.7
32.3
31.9
31.8
32.6
32.5
31.0
32.1
97.7
32.6
34.0
33.4
32.4
33.6
31.9
32.5
31.3
31.2
32.0
71.1
31.9
31.8
31.2
31.6
32.5
31.7
31.7
32.3
31.4
33.0
54.3
