Her sendte jeg "<seqno> HOSTNAME DATE" til 3 noder
h5 h9 og h8.. på udp, paxos uten flows.

Under er rtt i millisekund, sortert leksikografisk på ip, så 10.0.0.11 på
første, 10.0.0.12 og så 10.0.0.8.

Reading data from stdin
Sending 32 bytes to 10.0.0.8:3333 from 0.0.0.0:55725
0  142.13  102.75  98.72  
1  211.53  173.63  108.19  
2  207.49  172.26  137.58  
3  212.06  212.01  175.43  
4  227.80  190.18  152.78  
5  177.17  175.75  137.35  
6  183.98  182.59  139.99  
7  140.02  102.83  99.73  
8  137.67  95.31  97.65  
9  101.47  99.21  141.12  
10  139.60  99.72  137.14  
11  142.84  93.49  104.09  
12  184.14  102.62  221.02  
13  153.69  115.81  78.92  
14  132.82  95.79  172.77  
15  137.68  100.50  176.68  
16  136.78  100.91  174.80  
17  176.28  95.23  213.99  
18  141.20  101.96  57.76  
19  143.32  102.91  98.76  
20  98.26  96.06  136.42  
21  99.15  96.77  139.47  
22  140.68  97.86  100.88  
23  138.87  99.49  136.35  
24  190.17  98.47  227.13  
25  101.36  97.66  59.43  
26  131.57  92.11  87.83  
27  140.29  97.42  100.66  
28  136.53  99.01  173.82  
29  101.00  97.84  138.39  
30  108.22  94.32  125.58  
31  165.71  161.62  123.09  
32  134.12  94.44  90.65  
33  139.77  95.37  98.49  
34  174.82  100.35  138.08  
35  140.07  90.42  100.22  
36  134.42  97.56  174.75  
37  224.39  103.33  184.72  
38  137.82  96.82  66.46  
39  139.19  100.20  175.25  
40  140.64  97.45  137.22  
41  97.66  95.23  138.37  
42  95.70  92.37  133.63  
43  101.59  99.30  141.98  
44  185.62  138.76  185.52  
45  136.46  94.06  96.60  
46  146.51  95.73  104.95  
47  142.94  93.77  103.99  
48  102.55  91.05  100.38  
49  134.49  94.56  91.96  
50  132.51  96.46  172.48  
51  183.56  120.07  221.44  
52  149.61  82.60  108.68  
53  135.25  99.22  171.62  
54  97.92  95.67  135.36  
55  173.78  98.31  136.46  
56  171.12  96.15  136.36  
57  134.23  94.26  86.40  
58  131.97  92.86  89.85  
59  137.35  96.66  99.70  
60  140.37  98.33  101.01  
61  139.13  94.47  101.41  
62  140.07  93.31  103.74  
63  98.21  95.69  134.75  
64  182.42  129.05  219.76  
65  99.24  95.69  60.82  
66  131.92  128.18  92.77  
67  170.70  130.90  93.23  
68  135.74  96.63  172.50  
69  139.39  97.16  100.00  
70  222.26  102.26  184.77  
71  104.90  102.16  62.96  
72  132.39  93.42  88.83  
73  134.85  99.34  172.70  
74  97.66  95.16  138.95  
75  134.77  85.05  94.63  
76  136.54  98.89  173.78  
77  222.08  101.92  184.47  
78  140.92  104.94  101.89  
79  97.54  95.18  136.04  
80  141.67  102.70  145.68  
81  139.01  89.10  98.99  
82  95.87  93.69  134.70  
83  181.46  101.33  220.49  
84  103.66  100.90  61.92  
85  169.20  129.67  92.44  
86  140.16  96.39  100.28  
87  141.19  96.49  138.09  
88  131.89  95.93  171.19  
89  217.98  93.83  179.89  
90  189.99  77.50  187.57  
91  139.14  89.62  99.88  
92  140.99  102.63  144.90  
93  96.22  92.99  132.32  
94  134.25  96.10  137.04  
95  95.35  92.45  134.69  
96  182.90  102.25  220.93  
97  98.13  60.65  54.21  
98  172.82  132.84  93.53  
99  134.02  97.38  137.40  
